%YAML:1.0
---
K: !!opencv-matrix
   rows: 3
   cols: 3
   dt: d
   data: [ 2164.641958, 0.000000, 1025.486778,
           0.000000, 2162.997217, 990.349059,
           0.000000, 0.000000, 1.000000 ]
D: !!opencv-matrix
   rows: 1
   cols: 5
   dt: d
   data: [ -0.077906, -0.004776, -0.000733, -0.000768, 0.861788 ]
