%YAML:1.0
---
K: !!opencv-matrix
   rows: 3
   cols: 3
   dt: d
   data: [ 909.3099365234375, 0.0, 631.56494140625, 
           0.0, 908.5741577148438, 361.4437255859375, 
           0.0, 0.0, 1.0 ]
D: !!opencv-matrix
   rows: 1
   cols: 5
   dt: d
   data: [ 0.0, 0.0, 0.0, 0.0, 0.0 ]
R: !!opencv-matrix
   rows: 3
   cols: 3
   dt: d
   data: [ 1.0, 0.0, 0.0, 
           0.0, 1.0, 0.0, 
           0.0, 0.0, 1.0 ]
P: !!opencv-matrix
   rows: 3
   cols: 4
   dt: d
   data: [ 909.3099365234375, 0.0, 631.56494140625, 0.0, 
           0.0, 908.5741577148438, 361.4437255859375, 0.0, 
           0.0, 0.0, 1.0, 0.0 ]
